0.91708976
0.99910003
0.99915564
0.99911612
0.99918085
0.99914885
0.99913657
0.99906462
0.99910933
0.99909681
0.99908113
0.99913132
0.99909294
0.99916494
0.99914122
0.99910325
0.99912804
0.99913597
0.99917310
0.99913681
0.99909413
0.99916124
0.99969906
0.99992168
0.99966121
0.99388617
0.46859521
0.07394068
0.00117742
0.65137267
0.56704628
0.30528235
0.05713028
0.49779952
0.64658052
0.45277023
0.43566617
0.00933411
0.98982018
0.71410829
0.93798727
0.91960901
0.46137694
0.34336948
0.97195482
0.05523441
0.02357206
0.11336810
0.01556646
0.97631204
0.89728445
0.93852419
0.77500081
0.88710093
0.91438907
0.41079456
0.50363445
0.22176297
0.62270421
0.00023330
0.60205048
0.21600638
0.97752964
0.12920409
0.21481571
0.92467082
0.58236146
0.16312391
0.85864264
0.96470857
0.10940141
0.73153734
0.78046221
0.57108063
0.31837153
0.03987654
0.66809034
0.02970294
0.40130553
0.00000000
0.00000000
0.99918514
0.99808985
0.99930477
0.99846244
0.99909705
0.99892896
0.99910098
0.99914098
0.99898523
0.99930251
0.93456131
0.99768102
0.99708939
0.99217927
0.82241601
0.60054964
0.78879893
0.99691796
0.99627715
0.80166858
0.41924348
0.97348535
0.56381977
0.61617005
0.91122383
0.67880583
0.99909389
0.84894532
0.97341406
0.99103820
0.97599721
0.99682081
0.49439082
0.96891183
0.94416702
0.94204420
0.99893862
0.99770784
0.98161274
0.96906674
0.67017984
0.99936646
0.98974180
0.76726234
0.68994498
0.98553753
0.82208198
0.98734504
0.68337172
0.96681869
0.99464768
0.98079771
0.96890140
0.57789034
0.99891138
0.93864912
0.99351454
0.46966943
0.99680942
0.25990793
0.99926192
0.99908018
0.50231230
0.97899145
0.60232097
0.90961480
0.99206150
0.99316460
0.99522179
0.99584121
0.91060442
0.98551542
0.93478870
0.99432307
0.92999965
0.97223002
0.99831569
0.66161925
0.99911028
0.79567337
0.98843354
0.99708754
0.99801791
0.99264270
0.70814991
0.99798584
0.99942082
0.99422514
0.99461818
0.97492903
0.98921376
0.99740165
0.92716700
0.98551685
0.93980509
0.98314595
0.52580315
0.26006365
0.82405937
0.83894467
0.97806460
0.97899526
0.99430060
0.23213282
0.99883610
0.84084433
0.92345202
0.99375850
0.61619788
0.72516412
0.00014940
0.11721881
0.00000055
0.66231674
0.00010133
0.00039497
0.00005547
0.00715466
0.23110947
0.00539411
0.00051484
0.00000093
0.02606165
0.00225215
0.00197985
0.00001755
0.02135128
0.00035918
0.00080977
0.00161678
0.00293044
0.03351646
0.00011100
0.00024109
0.00020803
0.01383005
0.00000837
0.00282156
0.00327856
0.00000489
0.13618924
0.00469630
0.03184915
0.00140081
0.00070980
0.03352955
0.04516543
0.06105690
0.00368038
0.04924204
0.01323594
0.00032817
0.27237150
0.00151429
0.00060407
0.00816800
0.01053869
0.37792897
0.00090294
0.01167664
0.00125395
0.00023474
0.00001080
0.00432151
0.00327150
0.00978156
0.08789135
0.88588500
0.00415560
0.01110832
0.00215729
0.00061514
0.71576971
0.24300881
0.00000428
0.00000945
0.00728244
0.00143727
0.00363075
0.00160358
0.02820778
0.00347128
0.00022689
0.00453596
0.00023304
0.03653310
0.06102871
0.84473687
0.01288308
0.07970873
0.89815080
0.00685313
0.00033066
0.01415931
0.01954246
0.13919693
0.00089198
0.01210563
0.05838283
0.31237555
0.00037422
0.00695296
0.00160420
0.02944652
0.10432841
0.00790887
0.00058050
0.09539685
0.00000236
0.00904077
0.00007949
0.10478415
0.00561222
0.01947006
0.04681794
0.00083951
0.00186072
0.00845442
0.52643406
0.00202632
0.00004823
0.00262961
0.01572734
0.00006788
0.27936259
0.00482827
0.00055016
0.00012577
0.11729544
0.00286764
0.00002531
0.00002665
0.05095858
0.00067330
0.00503278
0.02756457
0.00014374
0.00003127
0.00000192
0.00241889
0.02143779
0.00215010
0.88195562
0.00002982
0.06802201
0.00413451
0.00004366
0.00074326
0.01540641
0.00498637
0.00014615
0.01159177
0.00103482
0.00323877
0.00012246
0.00069992
0.00972822
0.01786349
0.00009188
0.00000340
0.00560899
0.00155001
0.00664487
0.00979850
0.00003233
0.01976973
0.00222245
0.00039191
0.00010507
0.00031602
0.00001101
0.02220252
0.00146178
0.00008734
0.00061480
0.00010591
0.58144790
0.00490153
0.00080281
0.01250147
0.06024028
0.03185575
0.52872413
0.20528936
0.01810336
0.00272048
0.00023791
0.01605189
0.00069355
0.00020362
0.00359429
0.55689847
0.00143762
0.00640191
0.02209157
0.00019075
0.00000138
0.00000793
0.04941931
0.22451825
0.00016744
0.00199553
0.00112812
0.00493455
0.00008586
0.00366310
0.02657386
0.00000004
0.02903793
0.00000695
0.27826992
0.01118139
0.01880689
0.01170624
0.00766903
0.00524299
0.00042039
0.01319520
0.02222096
0.42937973
0.00136969
0.06851131
0.00092137
0.00221027
0.14557703
0.54876667
0.00065186
0.06290995
0.01297417
0.00023391
0.00342115
0.00427710
0.00109841
0.06505104
0.00007606
0.01811806
0.00012081
0.06883506
0.00357545
0.00555157
0.00007433
0.00364449
0.01180862
0.00010891
0.00002287
0.00080403
0.01822383
0.00236157
0.00389651
0.00669530
0.02177101
0.00179129
0.00238839
0.00579317
0.00001806
0.01122573
0.00051438
0.21005440
0.00811872
0.01333030
0.00044594
0.05861904
0.00393748
0.00028808
0.00004883
0.07105611
0.10234214
0.03065484
0.00243277
0.00067301
0.04296902
0.00327661
0.00889600
0.00001512
0.00015245
0.00007264
0.01413891
0.00707371
0.34585375
0.00069213
0.00900443
0.31787616
0.05127017
0.00311509
0.04710151
0.00016369
0.00698383
0.00765542
0.00069796
0.07074611
0.00103484
0.03671563
0.00021727
0.00806719
0.00016797
0.00511390
0.46142724
0.03287794
0.04429969
0.00020239
0.00063343
0.13769154
0.00022538
0.01853733
0.00033006
0.00119040
0.00267545
0.00000607
0.00012631
0.07605082
0.00188440
0.00003925
0.00686450
0.00859758
0.00885092
0.01513643
0.00468570
0.00000108
0.00107419
0.00513408
0.02990177
0.00053886
0.00149673
0.00044659
0.00208796
0.00003948
0.00000788
0.00325298
0.01120913
0.09751005
0.15594897
0.03402194
0.01132352
0.00002777
0.00054639
0.00490297
0.30326572
0.02890499
0.00039661
0.00004021
0.00001108
0.00012487
0.00003300
0.00169139
0.11729731
0.10085032
0.14996338
0.00061124
0.00011475
0.01839417
0.00023019
0.01263796
0.00135670
0.47492683
0.00592689
0.00051903
0.00122270
0.00352974
0.01245623
0.00472135
0.10947745
0.38810432
0.00708416
0.00020437
0.00175071
0.26309860
0.00191948
0.00050680
0.00036910
0.40349555
0.00063882
0.01894902
0.00009872
0.03147103
0.00073405
0.00077381
0.00006364
0.00312792
0.00008867
0.01760139
0.00063433
0.09271260
0.00105980
0.01270891
0.00351342
0.02323782
0.00014136
0.00107451
0.00612659
0.00086043
0.00449366
0.35996783
0.00119499
0.36162636
0.00087928
0.00305047
0.00015822
0.00863091
0.02313698
0.00187537
0.07329669
0.00511532
0.00404386
0.00036797
0.01280680
0.24636094
0.00051002
0.00005442
0.00256844
0.00021292
0.02472320
0.00004224
0.01989920
0.00386291
0.00045435
0.00014681
0.00023870
0.00043814
0.00880205
0.00050241
0.00822157
0.01676774
0.01358471
0.00127930
0.00000367
0.00115597
0.00237372
0.01100070
0.00007583
0.00423353
0.00004981
0.00179424
0.18042719
0.00111081
0.01180880
0.00002782
0.14942813
0.00001076
0.00499047
0.00074350
0.00110757
0.04217894
0.00638241
0.00004408
0.04567976
0.00012559
0.00171732
0.20141056
0.05438927
0.00280125
0.06061520
0.00102403
0.00034995
0.07662214
0.02127953
0.00002650
0.17275839
0.01891710
0.00438548
0.00111920
0.00081861
0.00027009
0.04784035
0.00099920
0.00000185
0.00131831
0.01033051
0.32484281
0.02981977
0.01426426
0.00017041
0.00044417
0.08009452
0.00050379
0.00972843
0.00082072
0.00054611
0.05939563
0.00046796
0.19553813
0.01304267
0.90728986
0.00062398
0.03229624
0.00883241
0.03887965
0.25769103
0.00000576
0.74855381
0.00044091
0.02142186
0.00464654
0.00078283
0.00432422
0.01023012
0.02106321
0.00021925
0.20791523
0.00234408
0.01465530
0.70222628
0.00057464
0.00079525
0.00000063
0.00912459
0.00061337
0.00093594
0.01650386
0.00352348
0.00010013
0.00003367
0.01883877
0.00013433
0.00042859
0.00034774
0.04150333
0.01453541
0.00032107
0.00086786
0.01219710
0.00001103
0.00062181
0.02235276
0.25103977
0.00089381
0.00054339
0.00070346
0.00042832
0.00000511
0.00025585
0.00402914
0.00424150
0.00031103
0.06956154
0.00487395
0.02252488
0.00608721
0.00064401
0.01537603
0.04607829
0.03228314
0.12876713
0.00007582
0.09945672
0.44138858
0.00349264
0.10045978
0.00230746
0.00345274
0.00105640
0.00050963
0.00060259
0.00060869
0.02287001
0.00936295
0.03532622
0.00012516
0.00091736
0.00239131
0.00013309
0.00488189
0.49716443
0.00810562
0.04099891
0.00053530
0.00018019
0.00013429
0.00258484
0.06793422
0.00129614
0.22757857
0.04704180
0.00970173
0.00020291
0.00168213
0.00466622
0.00056009
0.24852204
0.00010526
0.02267465
0.05213037
0.03366486
0.73360819
0.00040665
0.05817315
0.00001062
0.00458926
0.00001012
0.00000320
0.01160308
0.00050132
0.00739336
0.00127295
0.00183243
0.04644131
0.00852049
0.00026402
0.00052865
0.00001729
0.00023817
0.00105275
0.06165928
0.03085311
0.00002770
0.23337679
0.00066837
0.00121644
0.00086016
0.00046746
0.00002884
0.16343123
0.00146325
0.91888303
0.01721060
0.00063873
0.06051008
0.00977336
0.00166694
0.00016236
0.00886981
0.00012770
0.00129950
0.03691123
0.00639387
0.06418310
0.01189593
0.01556196
0.03584395
0.00300929
0.00566984
0.00000700
0.10253373
0.00063699
0.00055873
0.00028531
0.00000579
0.00014729
0.00015241
0.00040414
0.00215164
0.16892643
0.00222885
0.00113420
0.71340823
0.00058904
0.00000705
0.01374281
0.00023308
0.12493460
0.00983852
0.00138615
0.00000748
0.00001841
0.07108752
0.00760534
0.00945165
0.00115088
0.00086495
0.00264418
0.08795614
0.00001811
0.01468338
0.00558851
0.00058498
0.00035163
0.00986788
0.06221222
0.00001880
0.00135779
0.00000898
0.00063099
0.00685839
0.00025629
0.00002264
0.00013379
0.12123752
0.03872219
0.00110121
0.03951618
0.00020766
0.00480015
0.04900981
0.00017509
0.39787504
0.24938710
0.00318786
0.00428223
0.10136291
0.00166511
0.36396766
0.00851361
0.00223186
0.00220482
0.00001209
0.00043541
0.00043721
0.00348057
0.00011311
0.01378536
0.00289112
0.01727837
0.00002807
0.00156406
0.01904033
0.04379579
0.00005592
0.02755400
0.00000616
0.00058121
0.02732366
0.00935911
0.00822523
0.00002404
0.32222638
0.00011555
0.71285665
0.09195137
0.01379691
0.13459690
0.03723424
0.06030107
0.00137611
0.00134756
0.01942384
0.51823562
0.06477277
0.27731597
0.09275074
0.00000400
0.01835435
0.02072821
0.00085658
0.00058118
0.00002199
0.00502289
0.00990812
0.00085885
0.19652899
0.00000534
0.00727424
0.63833815
0.75508142
0.08530749
0.00243813
0.00611876
0.15611966
0.00113384
0.19687997
0.00031242
0.17787585
0.00068247
0.00075302
0.00252541
0.00649174
0.00186365
0.00121607
0.04321392
0.00317303
0.00000366
0.09888542
0.01005287
0.04322924
0.00000240
0.02256122
0.09690330
0.00044178
0.00148936
0.07045566
0.03075653
0.00458914
0.00317061
0.02357339
0.00076285
0.02750945
0.04307554
0.03751421
0.00814930
0.00579311
0.00139067
0.00124001
0.01354398
0.06415521
0.00051835
0.00016686
0.00363554
0.00001734
0.00015092
0.00944415
0.00020820
0.00004349
0.02930644
0.00009034
0.00364741
0.02095537
0.00023521
0.44908115
0.00012114
0.00831172
0.00050004
0.01172325
0.13964650
0.01650647
0.00767117
0.00724492
0.00064211
0.25028229
0.01693127
0.00044487
0.00144079
0.00000508
0.11904308
0.00116522
0.00343845
0.00023813
0.00001466
0.00060841
0.00007387
0.01320136
0.80218744
